Temperature	Diameter in um
20.0		1494.7640
20.0		1459.9979
22.0		1480.0666
22.0		1471.7403
24.1		1383.5238
24.1		1440.6673
26.0		1365.5774
26.0		1430.1596
28.0		1327.6757
28.0		1363.0459
29.0		1278.1876
29.0		1276.1282
29.6		1309.8135
29.6		1382.7943
30.0		1268.7035
30.0		1407.2494
30.5		1240.2575
30.5		1328.3640
31.1		1176.8948
31.1		1227.2670
31.4		1097.2460
31.4		1194.9289
31.7		1117.2274
31.7		1230.2988
32.0		1090.8613
32.0		1217.6873
32.3		1005.7688
32.3		1207.0925
32.7		1026.9976
32.7		1160.4543
33.1		747.7079
33.1		790.6047
33.5		603.6016
33.5		630.5047
35.0		595.7860
35.0		613.5351
37.0		596.6755
37.0		581.9024
40.0		568.3701
40.0		591.0193
45.0		566.2267
45.0		594.6196

